0 0.5798611111111112 0.8222222222222222 0.0902777777777778 0.3160493827160494
0 0.0423611111111111 0.3246913580246913 0.0625000000000000 0.3333333333333333
0 0.2784722222222222 0.3382716049382716 0.0708333333333333 0.2567901234567901
0 0.5618055555555556 0.2666666666666667 0.0597222222222222 0.2123456790123457
1 0.8062500000000000 0.2851851851851852 0.0541666666666667 0.1160493827160494
1 0.6270833333333333 0.2777777777777778 0.0513888888888889 0.1703703703703704
1 0.7638888888888890 0.2740740740740741 0.0500000000000000 0.1679012345679012
0 0.0381944444444444 0.3246913580246913 0.0569444444444444 0.2839506172839506
0 0.5951388888888889 0.7925925925925926 0.0930555555555556 0.2962962962962963
1 0.8027777777777778 0.2765432098765432 0.0583333333333333 0.1135802469135802
