0 0.5805555555555556 0.8197530864197531 0.0916666666666667 0.3160493827160494
0 0.0423611111111111 0.3246913580246913 0.0625000000000000 0.3333333333333333
0 0.2743055555555556 0.3407407407407407 0.0708333333333333 0.2567901234567901
0 0.5618055555555556 0.2666666666666667 0.0597222222222222 0.2123456790123457
1 0.8055555555555556 0.2864197530864198 0.0527777777777778 0.1185185185185185
1 0.6187500000000000 0.2753086419753086 0.0513888888888889 0.1703703703703704
1 0.7597222222222223 0.2716049382716049 0.0500000000000000 0.1679012345679012
0 0.0368055555555556 0.3246913580246913 0.0541666666666667 0.2839506172839506
0 0.2722222222222223 0.3753086419753086 0.0666666666666667 0.2962962962962963
0 0.5923611111111111 0.7901234567901234 0.0930555555555556 0.2962962962962963
1 0.8034722222222223 0.2765432098765432 0.0597222222222222 0.1135802469135802
