0 0.5812500000000000 0.8197530864197531 0.0902777777777778 0.3160493827160494
0 0.0409722222222222 0.3246913580246913 0.0625000000000000 0.3333333333333333
0 0.2701388888888889 0.3419753086419753 0.0708333333333333 0.2592592592592592
0 0.5618055555555556 0.2666666666666667 0.0597222222222222 0.2123456790123457
1 0.8055555555555556 0.2876543209876543 0.0527777777777778 0.1209876543209877
1 0.6104166666666667 0.2753086419753086 0.0513888888888889 0.1703703703703704
1 0.7569444444444444 0.2716049382716049 0.0500000000000000 0.1679012345679012
0 0.0354166666666667 0.3246913580246913 0.0541666666666667 0.2839506172839506
0 0.2680555555555555 0.3753086419753086 0.0666666666666667 0.2962962962962963
0 0.5909722222222222 0.7876543209876543 0.0930555555555556 0.2962962962962963
1 0.8034722222222223 0.2790123456790123 0.0597222222222222 0.1135802469135802
