0 0.5812500000000000 0.8185185185185185 0.0902777777777778 0.3185185185185185
0 0.0409722222222222 0.3246913580246913 0.0625000000000000 0.3333333333333333
0 0.2666666666666667 0.3444444444444444 0.0694444444444444 0.2592592592592592
0 0.5618055555555556 0.2666666666666667 0.0597222222222222 0.2123456790123457
1 0.8055555555555556 0.2888888888888889 0.0527777777777778 0.1234567901234568
1 0.6020833333333333 0.2753086419753086 0.0513888888888889 0.1703703703703704
1 0.7541666666666667 0.2691358024691358 0.0500000000000000 0.1679012345679012
0 0.0340277777777778 0.3259259259259259 0.0513888888888889 0.2864197530864198
0 0.2652777777777778 0.3753086419753086 0.0666666666666667 0.2962962962962963
0 0.5895833333333333 0.7876543209876543 0.0930555555555556 0.2962962962962963
1 0.8041666666666667 0.2790123456790123 0.0611111111111111 0.1135802469135802
