0 0.5826388888888889 0.8160493827160493 0.0902777777777778 0.3185185185185185
0 0.0395833333333333 0.3246913580246913 0.0625000000000000 0.3333333333333333
0 0.2583333333333334 0.3481481481481482 0.0694444444444444 0.2617283950617284
0 0.5618055555555556 0.2666666666666667 0.0597222222222222 0.2123456790123457
1 0.8055555555555556 0.2913580246913580 0.0527777777777778 0.1283950617283951
1 0.5868055555555556 0.2753086419753086 0.0513888888888889 0.1703703703703704
1 0.7479166666666667 0.2679012345679012 0.0513888888888889 0.1654320987654321
0 0.0312500000000000 0.3259259259259259 0.0486111111111111 0.2864197530864198
0 0.2583333333333334 0.3753086419753086 0.0666666666666667 0.2962962962962963
0 0.5854166666666667 0.7827160493827160 0.0930555555555556 0.2962962962962963
1 0.8048611111111111 0.2814814814814815 0.0625000000000000 0.1135802469135802
