0 0.5833333333333334 0.8148148148148148 0.0888888888888889 0.3209876543209876
0 0.0381944444444444 0.3246913580246913 0.0625000000000000 0.3333333333333333
0 0.2548611111111111 0.3506172839506173 0.0680555555555556 0.2617283950617284
0 0.5618055555555556 0.2666666666666667 0.0597222222222222 0.2123456790123457
1 0.8055555555555556 0.2925925925925926 0.0527777777777778 0.1308641975308642
1 0.5784722222222223 0.2753086419753086 0.0513888888888889 0.1703703703703704
1 0.7451388888888889 0.2666666666666667 0.0513888888888889 0.1679012345679012
0 0.0298611111111111 0.3259259259259259 0.0486111111111111 0.2864197530864198
0 0.2541666666666667 0.3753086419753086 0.0666666666666667 0.2962962962962963
0 0.5826388888888889 0.7802469135802469 0.0930555555555556 0.2962962962962963
1 0.8048611111111111 0.2827160493827161 0.0625000000000000 0.1111111111111111
