0 0.5840277777777778 0.8123456790123457 0.0902777777777778 0.3209876543209876
0 0.0381944444444444 0.3246913580246913 0.0625000000000000 0.3333333333333333
0 0.2500000000000000 0.3530864197530864 0.0666666666666667 0.2617283950617284
0 0.5618055555555556 0.2666666666666667 0.0597222222222222 0.2123456790123457
1 0.8055555555555556 0.2950617283950617 0.0527777777777778 0.1358024691358025
1 0.5715277777777777 0.2728395061728395 0.0513888888888889 0.1703703703703704
1 0.7416666666666667 0.2654320987654321 0.0500000000000000 0.1654320987654321
0 0.0284722222222222 0.3259259259259259 0.0458333333333333 0.2864197530864198
0 0.2513888888888889 0.3753086419753086 0.0666666666666667 0.2962962962962963
0 0.5812500000000000 0.7802469135802469 0.0930555555555556 0.2962962962962963
1 0.8055555555555556 0.2851851851851852 0.0638888888888889 0.1111111111111111
1 0.7402777777777778 0.2592592592592592 0.0500000000000000 0.1975308641975309
