0 0.5847222222222223 0.8123456790123457 0.0888888888888889 0.3209876543209876
0 0.0368055555555556 0.3246913580246913 0.0625000000000000 0.3333333333333333
0 0.2458333333333333 0.3543209876543210 0.0666666666666667 0.2641975308641975
0 0.5618055555555556 0.2666666666666667 0.0597222222222222 0.2123456790123457
1 0.8055555555555556 0.2962962962962963 0.0527777777777778 0.1382716049382716
1 0.5631944444444444 0.2728395061728395 0.0513888888888889 0.1703703703703704
1 0.7388888888888889 0.2641975308641975 0.0500000000000000 0.1679012345679012
0 0.0277777777777778 0.3271604938271605 0.0444444444444444 0.2888888888888889
0 0.2472222222222222 0.3753086419753086 0.0666666666666667 0.2962962962962963
0 0.5784722222222223 0.7777777777777778 0.0930555555555556 0.2962962962962963
1 0.8069444444444445 0.2851851851851852 0.0638888888888889 0.1111111111111111
1 0.7375000000000000 0.2592592592592592 0.0500000000000000 0.1975308641975309
