0 0.5847222222222223 0.8111111111111111 0.0888888888888889 0.3234567901234568
0 0.0368055555555556 0.3246913580246913 0.0625000000000000 0.3333333333333333
0 0.2416666666666667 0.3567901234567901 0.0666666666666667 0.2641975308641975
1 0.8055555555555556 0.2975308641975308 0.0527777777777778 0.1407407407407407
1 0.5548611111111111 0.2728395061728395 0.0513888888888889 0.1703703703703704
1 0.7354166666666667 0.2629629629629630 0.0513888888888889 0.1654320987654321
0 0.0284722222222222 0.3271604938271605 0.0458333333333333 0.2888888888888889
0 0.2444444444444445 0.3753086419753086 0.0666666666666667 0.2962962962962963
0 0.5770833333333334 0.7753086419753086 0.0930555555555556 0.2962962962962963
1 0.8090277777777778 0.2876543209876543 0.0625000000000000 0.1111111111111111
1 0.7347222222222223 0.2592592592592592 0.0500000000000000 0.1975308641975309
