0 0.5861111111111111 0.8086419753086420 0.0888888888888889 0.3234567901234568
0 0.0354166666666667 0.3246913580246913 0.0625000000000000 0.3333333333333333
0 0.2381944444444445 0.3592592592592593 0.0652777777777778 0.2641975308641975
1 0.8055555555555556 0.2987654320987654 0.0527777777777778 0.1432098765432099
1 0.5479166666666667 0.2728395061728395 0.0513888888888889 0.1703703703703704
1 0.7326388888888890 0.2629629629629630 0.0513888888888889 0.1654320987654321
0 0.0305555555555556 0.3283950617283951 0.0472222222222222 0.2913580246913580
0 0.2402777777777778 0.3753086419753086 0.0666666666666667 0.2962962962962963
0 0.5756944444444445 0.7753086419753086 0.0930555555555556 0.2962962962962963
1 0.8118055555555556 0.2888888888888889 0.0625000000000000 0.1135802469135802
1 0.7326388888888890 0.2592592592592592 0.0513888888888889 0.1975308641975309
