0 0.5861111111111111 0.8086419753086420 0.0888888888888889 0.3234567901234568
0 0.0354166666666667 0.3246913580246913 0.0625000000000000 0.3333333333333333
0 0.2340277777777778 0.3604938271604938 0.0652777777777778 0.2666666666666667
1 0.8055555555555556 0.3000000000000000 0.0527777777777778 0.1456790123456790
1 0.5395833333333333 0.2728395061728395 0.0513888888888889 0.1703703703703704
1 0.7298611111111112 0.2604938271604938 0.0513888888888889 0.1654320987654321
0 0.0319444444444444 0.3308641975308642 0.0472222222222222 0.2913580246913580
0 0.2375000000000000 0.3753086419753086 0.0666666666666667 0.2962962962962963
0 0.5770833333333334 0.7740740740740740 0.0930555555555556 0.2938271604938272
1 0.8138888888888889 0.2913580246913580 0.0611111111111111 0.1135802469135802
1 0.7305555555555556 0.2604938271604938 0.0500000000000000 0.1950617283950617
