0 0.5868055555555556 0.8074074074074074 0.0875000000000000 0.3259259259259259
0 0.0340277777777778 0.3246913580246913 0.0625000000000000 0.3333333333333333
0 0.2298611111111111 0.3629629629629629 0.0652777777777778 0.2666666666666667
1 0.8055555555555556 0.3012345679012345 0.0527777777777778 0.1481481481481481
1 0.5312500000000000 0.2728395061728395 0.0513888888888889 0.1703703703703704
1 0.7270833333333334 0.2604938271604938 0.0513888888888889 0.1654320987654321
0 0.0340277777777778 0.3320987654320988 0.0486111111111111 0.2938271604938272
0 0.2388888888888889 0.3777777777777778 0.0666666666666667 0.2962962962962963
0 0.5784722222222223 0.7740740740740740 0.0930555555555556 0.2938271604938272
1 0.8159722222222222 0.2925925925925926 0.0625000000000000 0.1111111111111111
1 0.7277777777777779 0.2604938271604938 0.0500000000000000 0.1950617283950617
