0 0.2951388888888889 0.4814814814814815 0.0902777777777778 0.3012345679012345
0 0.3048611111111111 0.2308641975308642 0.0652777777777778 0.0962962962962963
0 0.4951388888888889 0.2950617283950617 0.0680555555555556 0.2296296296296296
0 0.5881944444444445 0.8074074074074074 0.0875000000000000 0.3259259259259259
0 0.0340277777777778 0.3246913580246913 0.0625000000000000 0.3333333333333333
0 0.2263888888888889 0.3666666666666666 0.0638888888888889 0.2691358024691358
1 0.8055555555555556 0.3037037037037037 0.0527777777777778 0.1530864197530864
1 0.5243055555555556 0.2728395061728395 0.0513888888888889 0.1703703703703704
1 0.7243055555555555 0.2604938271604938 0.0513888888888889 0.1654320987654321
0 0.0354166666666667 0.3345679012345679 0.0486111111111111 0.2938271604938272
0 0.2416666666666667 0.3802469135802469 0.0666666666666667 0.2962962962962963
0 0.5812500000000000 0.7740740740740740 0.0930555555555556 0.2888888888888889
1 0.8180555555555555 0.2938271604938272 0.0611111111111111 0.1135802469135802
1 0.7256944444444444 0.2604938271604938 0.0513888888888889 0.1950617283950617
