0 0.3958333333333334 0.5000000000000000 0.0944444444444444 0.1753086419753086
0 0.4701388888888889 0.6049382716049383 0.0930555555555556 0.1975308641975309
0 0.5791666666666667 0.7913580246913580 0.0944444444444444 0.2345679012345679
1 0.7430555555555556 0.9086419753086420 0.1277777777777778 0.1728395061728395
1 0.8513888888888890 0.7765432098765432 0.1000000000000000 0.2395061728395062
0 0.7479166666666667 0.6518518518518518 0.0930555555555556 0.1925925925925926
1 0.6451388888888889 0.5185185185185185 0.0791666666666667 0.1234567901234568
0 0.7402777777777778 0.4530864197530864 0.0833333333333333 0.1012345679012346
1 0.9368055555555556 0.6395061728395062 0.0597222222222222 0.1530864197530864
1 0.2868055555555556 0.8641975308641975 0.1402777777777778 0.2567901234567901
0 0.2909722222222222 0.3308641975308642 0.0541666666666667 0.1333333333333333
0 0.2555555555555556 0.2753086419753086 0.0361111111111111 0.1012345679012346
0 0.2395833333333333 0.2308641975308642 0.0291666666666667 0.0814814814814815
0 0.1576388888888889 0.3419753086419753 0.0513888888888889 0.1555555555555556
1 0.1250000000000000 0.2629629629629630 0.0416666666666667 0.0913580246913580
1 0.8638888888888889 0.5641975308641975 0.0861111111111111 0.1160493827160494
1 0.4402777777777778 0.1975308641975309 0.0416666666666667 0.0888888888888889
1 0.4083333333333333 0.1580246913580247 0.0361111111111111 0.0790123456790123
1 0.3652777777777778 0.2395061728395062 0.0444444444444444 0.0987654320987654
1 0.3402777777777778 0.2111111111111111 0.0333333333333333 0.0666666666666667
1 0.2256944444444444 0.1851851851851852 0.0236111111111111 0.0888888888888889
0 0.3125000000000000 0.1728395061728395 0.0222222222222222 0.0691358024691358
