0 0.4055555555555556 0.4987654320987654 0.0916666666666667 0.1728395061728395
0 0.4743055555555556 0.6037037037037037 0.0847222222222222 0.1950617283950617
0 0.5763888888888890 0.7901234567901234 0.0888888888888889 0.2320987654320988
1 0.7298611111111112 0.9222222222222222 0.1375000000000000 0.1456790123456790
1 0.8534722222222223 0.8098765432098766 0.1069444444444445 0.2024691358024691
0 0.7479166666666667 0.6518518518518518 0.0930555555555556 0.1925925925925926
1 0.6423611111111112 0.5024691358024691 0.0847222222222222 0.1209876543209877
0 0.7312500000000001 0.4604938271604938 0.0763888888888889 0.1111111111111111
1 0.9368055555555556 0.6432098765432098 0.0597222222222222 0.1407407407407407
1 0.2826388888888889 0.8629629629629629 0.1319444444444444 0.2543209876543210
0 0.2909722222222222 0.3308641975308642 0.0541666666666667 0.1333333333333333
0 0.2555555555555556 0.2753086419753086 0.0361111111111111 0.1012345679012346
0 0.2388888888888889 0.2320987654320988 0.0333333333333333 0.0790123456790123
0 0.1576388888888889 0.3444444444444444 0.0513888888888889 0.1555555555555556
1 0.1250000000000000 0.2604938271604938 0.0416666666666667 0.0913580246913580
1 0.8590277777777778 0.5629629629629630 0.0763888888888889 0.1135802469135802
1 0.4402777777777778 0.1975308641975309 0.0416666666666667 0.0888888888888889
1 0.4083333333333333 0.1580246913580247 0.0361111111111111 0.0790123456790123
1 0.2256944444444444 0.1851851851851852 0.0236111111111111 0.0888888888888889
0 0.3125000000000000 0.1728395061728395 0.0222222222222222 0.0691358024691358
