0 0.4076388888888889 0.4975308641975308 0.0902777777777778 0.1703703703703704
0 0.4756944444444445 0.6037037037037037 0.0819444444444444 0.1950617283950617
0 0.5756944444444445 0.7901234567901234 0.0875000000000000 0.2320987654320988
1 0.7263888888888889 0.9259259259259259 0.1388888888888889 0.1382716049382716
1 0.8541666666666667 0.8197530864197531 0.1083333333333333 0.1925925925925926
0 0.7479166666666667 0.6518518518518518 0.0930555555555556 0.1925925925925926
1 0.6416666666666667 0.4987654320987654 0.0861111111111111 0.1234567901234568
0 0.7291666666666667 0.4629629629629630 0.0750000000000000 0.1111111111111111
1 0.9375000000000000 0.6444444444444445 0.0611111111111111 0.1382716049382716
1 0.2812500000000000 0.8617283950617284 0.1291666666666667 0.2518518518518518
0 0.2909722222222222 0.3308641975308642 0.0541666666666667 0.1333333333333333
0 0.2555555555555556 0.2753086419753086 0.0361111111111111 0.1012345679012346
0 0.2395833333333333 0.2320987654320988 0.0347222222222222 0.0790123456790123
0 0.1576388888888889 0.3493827160493827 0.0513888888888889 0.1555555555555556
1 0.1250000000000000 0.2604938271604938 0.0416666666666667 0.0913580246913580
1 0.8583333333333334 0.5629629629629630 0.0750000000000000 0.1135802469135802
1 0.4402777777777778 0.1975308641975309 0.0416666666666667 0.0888888888888889
1 0.4083333333333333 0.1580246913580247 0.0361111111111111 0.0790123456790123
1 0.3652777777777778 0.2395061728395062 0.0444444444444444 0.0987654320987654
1 0.3402777777777778 0.2111111111111111 0.0333333333333333 0.0666666666666667
1 0.2256944444444444 0.1851851851851852 0.0236111111111111 0.0888888888888889
0 0.3125000000000000 0.1728395061728395 0.0222222222222222 0.0691358024691358
