0 0.4125000000000000 0.4975308641975308 0.0888888888888889 0.1703703703703704
0 0.4770833333333334 0.6037037037037037 0.0791666666666667 0.1950617283950617
0 0.5750000000000001 0.7901234567901234 0.0861111111111111 0.2320987654320988
1 0.7215277777777778 0.9308641975308641 0.1430555555555556 0.1283950617283951
1 0.8555555555555556 0.8333333333333334 0.1111111111111111 0.1753086419753086
0 0.7479166666666667 0.6518518518518518 0.0930555555555556 0.1925925925925926
1 0.6409722222222223 0.4925925925925926 0.0875000000000000 0.1209876543209877
0 0.7250000000000000 0.4666666666666667 0.0722222222222222 0.1135802469135802
1 0.9375000000000000 0.6469135802469136 0.0611111111111111 0.1333333333333333
1 0.2798611111111111 0.8617283950617284 0.1263888888888889 0.2518518518518518
0 0.2909722222222222 0.3308641975308642 0.0541666666666667 0.1333333333333333
0 0.2555555555555556 0.2753086419753086 0.0361111111111111 0.1012345679012346
0 0.2388888888888889 0.2296296296296296 0.0361111111111111 0.0790123456790123
0 0.1548611111111111 0.3604938271604938 0.0541666666666667 0.1530864197530864
1 0.1250000000000000 0.2604938271604938 0.0416666666666667 0.0913580246913580
1 0.8562500000000001 0.5629629629629630 0.0708333333333333 0.1135802469135802
1 0.4402777777777778 0.1975308641975309 0.0416666666666667 0.0888888888888889
1 0.4083333333333333 0.1580246913580247 0.0361111111111111 0.0790123456790123
1 0.3652777777777778 0.2395061728395062 0.0444444444444444 0.0987654320987654
1 0.3402777777777778 0.2111111111111111 0.0333333333333333 0.0666666666666667
1 0.2256944444444444 0.1851851851851852 0.0236111111111111 0.0888888888888889
0 0.3125000000000000 0.1728395061728395 0.0222222222222222 0.0691358024691358
