0 0.3972222222222223 0.4987654320987654 0.0944444444444444 0.1728395061728395
0 0.4708333333333333 0.6037037037037037 0.0916666666666667 0.1950617283950617
0 0.5784722222222223 0.7901234567901234 0.0930555555555556 0.2320987654320988
1 0.7402777777777778 0.9098765432098765 0.1305555555555556 0.1703703703703704
1 0.8506944444444445 0.7814814814814814 0.1013888888888889 0.2345679012345679
0 0.7479166666666667 0.6518518518518518 0.0930555555555556 0.1925925925925926
1 0.6444444444444445 0.5148148148148148 0.0805555555555556 0.1209876543209877
0 0.7381944444444445 0.4530864197530864 0.0819444444444444 0.1012345679012346
1 0.9368055555555556 0.6382716049382716 0.0597222222222222 0.1506172839506173
1 0.2861111111111111 0.8629629629629629 0.1388888888888889 0.2543209876543210
0 0.2909722222222222 0.3308641975308642 0.0541666666666667 0.1333333333333333
0 0.2555555555555556 0.2753086419753086 0.0361111111111111 0.1012345679012346
0 0.2388888888888889 0.2308641975308642 0.0305555555555556 0.0814814814814815
0 0.1576388888888889 0.3419753086419753 0.0513888888888889 0.1555555555555556
1 0.1250000000000000 0.2604938271604938 0.0416666666666667 0.0913580246913580
1 0.8625000000000000 0.5629629629629630 0.0833333333333333 0.1135802469135802
1 0.4402777777777778 0.1975308641975309 0.0416666666666667 0.0888888888888889
1 0.4083333333333333 0.1580246913580247 0.0361111111111111 0.0790123456790123
1 0.3652777777777778 0.2395061728395062 0.0444444444444444 0.0987654320987654
1 0.3402777777777778 0.2111111111111111 0.0333333333333333 0.0666666666666667
1 0.2256944444444444 0.1851851851851852 0.0236111111111111 0.0888888888888889
0 0.3125000000000000 0.1728395061728395 0.0222222222222222 0.0691358024691358
