0 0.4138888888888889 0.4975308641975308 0.0888888888888889 0.1703703703703704
0 0.4777777777777778 0.6037037037037037 0.0777777777777778 0.1950617283950617
0 0.5750000000000001 0.7901234567901234 0.0861111111111111 0.2320987654320988
1 0.7194444444444444 0.9333333333333333 0.1444444444444445 0.1234567901234568
1 0.8562500000000001 0.8395061728395061 0.1125000000000000 0.1679012345679012
0 0.7479166666666667 0.6518518518518518 0.0930555555555556 0.1925925925925926
1 0.6409722222222223 0.4901234567901234 0.0875000000000000 0.1209876543209877
0 0.7243055555555555 0.4679012345679012 0.0708333333333333 0.1160493827160494
1 0.9375000000000000 0.6481481481481481 0.0611111111111111 0.1308641975308642
1 0.2791666666666667 0.8617283950617284 0.1250000000000000 0.2518518518518518
0 0.2909722222222222 0.3308641975308642 0.0541666666666667 0.1333333333333333
0 0.2555555555555556 0.2753086419753086 0.0361111111111111 0.1012345679012346
0 0.2416666666666667 0.2469135802469136 0.0361111111111111 0.0790123456790123
0 0.1493055555555556 0.3604938271604938 0.0652777777777778 0.1580246913580247
1 0.1277777777777778 0.2728395061728395 0.0416666666666667 0.0913580246913580
1 0.8555555555555556 0.5629629629629630 0.0694444444444444 0.1135802469135802
1 0.4402777777777778 0.1975308641975309 0.0416666666666667 0.0888888888888889
1 0.4083333333333333 0.1580246913580247 0.0361111111111111 0.0790123456790123
1 0.3652777777777778 0.2395061728395062 0.0444444444444444 0.0987654320987654
1 0.3402777777777778 0.2111111111111111 0.0333333333333333 0.0666666666666667
1 0.2270833333333333 0.1876543209876543 0.0236111111111111 0.0888888888888889
0 0.3125000000000000 0.1728395061728395 0.0222222222222222 0.0691358024691358
