0 0.4145833333333334 0.4975308641975308 0.0875000000000000 0.1703703703703704
0 0.4784722222222222 0.6037037037037037 0.0763888888888889 0.1950617283950617
0 0.5743055555555556 0.7901234567901234 0.0847222222222222 0.2320987654320988
1 0.7187500000000000 0.9345679012345679 0.1458333333333333 0.1209876543209877
1 0.8569444444444445 0.8444444444444444 0.1138888888888889 0.1629629629629629
0 0.7479166666666667 0.6518518518518518 0.0930555555555556 0.1925925925925926
1 0.6402777777777778 0.4901234567901234 0.0888888888888889 0.1209876543209877
0 0.7229166666666667 0.4691358024691358 0.0708333333333333 0.1185185185185185
1 0.9375000000000000 0.6493827160493827 0.0611111111111111 0.1283950617283951
1 0.2791666666666667 0.8617283950617284 0.1250000000000000 0.2518518518518518
0 0.2444444444444445 0.2592592592592592 0.0388888888888889 0.0790123456790123
1 0.8555555555555556 0.5629629629629630 0.0694444444444444 0.1135802469135802
1 0.4402777777777778 0.1975308641975309 0.0416666666666667 0.0888888888888889
1 0.4083333333333333 0.1580246913580247 0.0361111111111111 0.0790123456790123
1 0.3652777777777778 0.2395061728395062 0.0444444444444444 0.0987654320987654
1 0.3402777777777778 0.2111111111111111 0.0333333333333333 0.0666666666666667
1 0.2270833333333333 0.1876543209876543 0.0236111111111111 0.0888888888888889
0 0.3125000000000000 0.1728395061728395 0.0222222222222222 0.0691358024691358
0 0.5222222222222223 0.3098765432098765 0.0722222222222222 0.1506172839506173
0 0.4930555555555556 0.2358024691358025 0.0444444444444444 0.0716049382716049
