0 0.4159722222222222 0.4975308641975308 0.0875000000000000 0.1703703703703704
0 0.4791666666666667 0.6037037037037037 0.0750000000000000 0.1950617283950617
0 0.5743055555555556 0.7901234567901234 0.0847222222222222 0.2320987654320988
1 0.7173611111111111 0.9358024691358025 0.1458333333333333 0.1185185185185185
1 0.8569444444444445 0.8469135802469135 0.1138888888888889 0.1629629629629629
0 0.7479166666666667 0.6518518518518518 0.0930555555555556 0.1925925925925926
1 0.6402777777777778 0.4876543209876543 0.0888888888888889 0.1209876543209877
0 0.7222222222222222 0.4691358024691358 0.0694444444444444 0.1185185185185185
1 0.9375000000000000 0.6493827160493827 0.0611111111111111 0.1283950617283951
1 0.2784722222222222 0.8617283950617284 0.1236111111111111 0.2518518518518518
0 0.2444444444444445 0.2592592592592592 0.0388888888888889 0.0790123456790123
1 0.8548611111111112 0.5629629629629630 0.0680555555555556 0.1135802469135802
1 0.4402777777777778 0.1975308641975309 0.0416666666666667 0.0888888888888889
1 0.4083333333333333 0.1580246913580247 0.0361111111111111 0.0790123456790123
1 0.3652777777777778 0.2395061728395062 0.0444444444444444 0.0987654320987654
1 0.3402777777777778 0.2111111111111111 0.0333333333333333 0.0666666666666667
1 0.2270833333333333 0.1876543209876543 0.0236111111111111 0.0888888888888889
0 0.3125000000000000 0.1728395061728395 0.0222222222222222 0.0691358024691358
0 0.5222222222222223 0.3098765432098765 0.0722222222222222 0.1506172839506173
0 0.4930555555555556 0.2358024691358025 0.0444444444444444 0.0716049382716049
1 0.2111111111111111 0.6419753086419753 0.0555555555555556 0.2172839506172839
1 0.2715277777777778 0.8543209876543210 0.1180555555555556 0.2864197530864198
0 0.4104166666666667 0.4876543209876543 0.0541666666666667 0.1604938271604938
0 0.4770833333333334 0.6160493827160494 0.0791666666666667 0.1901234567901235
0 0.5638888888888889 0.7691358024691358 0.1083333333333333 0.2543209876543210
1 0.6395833333333334 0.4777777777777777 0.0958333333333333 0.0913580246913580
0 0.7486111111111111 0.6703703703703704 0.0944444444444444 0.1753086419753086
1 0.8590277777777778 0.8197530864197531 0.1236111111111111 0.1975308641975309
1 0.9347222222222222 0.6580246913580247 0.0638888888888889 0.1407407407407407
1 0.8541666666666667 0.5617283950617283 0.0750000000000000 0.1259259259259259
0 0.7250000000000000 0.4740740740740741 0.0666666666666667 0.1135802469135802
0 0.1340277777777778 0.2481481481481481 0.0513888888888889 0.0814814814814815
0 0.2423611111111111 0.2691358024691358 0.0486111111111111 0.0790123456790123
1 0.3666666666666667 0.2395061728395062 0.0416666666666667 0.0987654320987654
0 0.5229166666666667 0.2950617283950617 0.0597222222222222 0.1160493827160494
0 0.4888888888888889 0.2382716049382716 0.0527777777777778 0.0765432098765432
1 0.4347222222222222 0.1888888888888889 0.0416666666666667 0.0666666666666667
1 0.3388888888888889 0.2049382716049383 0.0277777777777778 0.0691358024691358
0 0.3215277777777778 0.1641975308641975 0.0319444444444444 0.0617283950617284
