1 0.2111111111111111 0.6419753086419753 0.0555555555555556 0.2172839506172839
1 0.2715277777777778 0.8543209876543210 0.1180555555555556 0.2864197530864198
0 0.4243055555555555 0.4925925925925926 0.0680555555555556 0.1604938271604938
0 0.4854166666666667 0.6160493827160494 0.0625000000000000 0.1901234567901235
0 0.5638888888888889 0.7691358024691358 0.1083333333333333 0.2543209876543210
1 0.6201388888888889 0.5098765432098765 0.0569444444444444 0.1555555555555556
0 0.7486111111111111 0.6703703703703704 0.0944444444444444 0.1753086419753086
1 0.8590277777777778 0.8197530864197531 0.1236111111111111 0.1975308641975309
1 0.9347222222222222 0.6580246913580247 0.0638888888888889 0.1407407407407407
1 0.8541666666666667 0.5617283950617283 0.0750000000000000 0.1259259259259259
0 0.7250000000000000 0.4740740740740741 0.0666666666666667 0.1135802469135802
0 0.1340277777777778 0.2481481481481481 0.0513888888888889 0.0814814814814815
0 0.2423611111111111 0.2691358024691358 0.0486111111111111 0.0790123456790123
1 0.3666666666666667 0.2395061728395062 0.0416666666666667 0.0987654320987654
0 0.5229166666666667 0.2950617283950617 0.0597222222222222 0.1160493827160494
0 0.4888888888888889 0.2382716049382716 0.0527777777777778 0.0765432098765432
1 0.4347222222222222 0.1839506172839506 0.0416666666666667 0.0716049382716049
1 0.3388888888888889 0.2049382716049383 0.0277777777777778 0.0691358024691358
0 0.3215277777777778 0.1641975308641975 0.0319444444444444 0.0617283950617284
