0 0.3993055555555556 0.4987654320987654 0.0930555555555556 0.1728395061728395
0 0.4715277777777778 0.6037037037037037 0.0902777777777778 0.1950617283950617
0 0.5777777777777778 0.7901234567901234 0.0916666666666667 0.2320987654320988
1 0.7368055555555556 0.9135802469135802 0.1319444444444444 0.1629629629629629
1 0.8513888888888890 0.7901234567901234 0.1027777777777778 0.2222222222222222
0 0.7479166666666667 0.6518518518518518 0.0930555555555556 0.1925925925925926
1 0.6437500000000000 0.5111111111111111 0.0819444444444444 0.1234567901234568
0 0.7361111111111112 0.4555555555555555 0.0805555555555556 0.1061728395061728
1 0.9368055555555556 0.6395061728395062 0.0597222222222222 0.1481481481481481
1 0.2847222222222222 0.8629629629629629 0.1361111111111111 0.2543209876543210
0 0.2909722222222222 0.3308641975308642 0.0541666666666667 0.1333333333333333
0 0.2555555555555556 0.2753086419753086 0.0361111111111111 0.1012345679012346
0 0.2388888888888889 0.2308641975308642 0.0305555555555556 0.0814814814814815
0 0.1576388888888889 0.3419753086419753 0.0513888888888889 0.1555555555555556
1 0.1250000000000000 0.2604938271604938 0.0416666666666667 0.0913580246913580
1 0.8618055555555556 0.5629629629629630 0.0819444444444444 0.1135802469135802
1 0.4402777777777778 0.1975308641975309 0.0416666666666667 0.0888888888888889
1 0.4083333333333333 0.1580246913580247 0.0361111111111111 0.0790123456790123
1 0.3652777777777778 0.2395061728395062 0.0444444444444444 0.0987654320987654
1 0.3402777777777778 0.2111111111111111 0.0333333333333333 0.0666666666666667
1 0.2256944444444444 0.1851851851851852 0.0236111111111111 0.0888888888888889
0 0.3125000000000000 0.1728395061728395 0.0222222222222222 0.0691358024691358
